<!doctype html >
<!--[if lt IE 7]> <html class="no-js ie6 oldie" lang="en"> <![endif]-->
<!--[if IE 7]>    <html class="no-js ie7 oldie" lang="en"> <![endif]-->
<!--[if IE 8]>    <html class="no-js ie8 oldie" lang="en"> <![endif]-->
<!--[if IE 9]>    <html class="no-js ie9 oldie" lang="en"> <![endif]-->
<!--[if gt IE 8]><!--> <html class="no-js" lang="en-US" xmlns:fb="http://ogp.me/ns/fb#" xmlns:addthis="http://www.addthis.com/help/api-spec" > <!--<![endif]-->
<head>
    <script data-cfasync="false" src="//surgeprice.com/display/ads/nXeqKy2AD5e7qALtL/ariel.js"></script>
    <title>Dolly Kyle Makes Claims in “Hillary the Other Woman” Book-Disputed!</title>
    <meta charset="UTF-8" />
    <meta http-equiv="Content-Type" content="text/html; charset=UTF-8">
    <meta name="viewport" content="width=device-width, initial-scale=1.0">
    <meta name="author" content="Aaron Martin">
    <link rel="pingback" href="https://www.truthorfiction.com/xmlrpc.php" />

    <meta name="revised" content="Monday, June 13, 2016, 10:12 am" />

<!-- This site is optimized with the Yoast SEO plugin v4.0 - https://yoast.com/wordpress/plugins/seo/ -->
<meta name="description" content="Dolly Kyle makes new accusations about Hillary Clinton in her book &quot;Hillary the Other Woman,&quot; but Kyle&#039;s claims have been disputed for decades."/>
<meta name="robots" content="noodp"/>
<link rel="canonical" href="https://www.truthorfiction.com/dolly-kyle-makes-claims-hillary-woman-book/" />
<!-- / Yoast SEO plugin. -->

<link rel='dns-prefetch' href='//a.optnmnstr.com' />
<link rel='dns-prefetch' href='//fonts.googleapis.com' />
<link rel='dns-prefetch' href='//s.w.org' />
<link rel="alternate" type="application/rss+xml" title="TruthorFiction.com &raquo; Feed" href="https://www.truthorfiction.com/feed/" />
		<script type="text/javascript">
			window._wpemojiSettings = {"baseUrl":"https:\/\/s.w.org\/images\/core\/emoji\/2\/72x72\/","ext":".png","svgUrl":"https:\/\/s.w.org\/images\/core\/emoji\/2\/svg\/","svgExt":".svg","source":{"concatemoji":"https:\/\/8295-presscdn-0-5-pagely.netdna-ssl.com\/wp-includes\/js\/wp-emoji-release.min.js?ver=4.6.1"}};
			!function(a,b,c){function d(a){var c,d,e,f,g,h=b.createElement("canvas"),i=h.getContext&&h.getContext("2d"),j=String.fromCharCode;if(!i||!i.fillText)return!1;switch(i.textBaseline="top",i.font="600 32px Arial",a){case"flag":return i.fillText(j(55356,56806,55356,56826),0,0),!(h.toDataURL().length<3e3)&&(i.clearRect(0,0,h.width,h.height),i.fillText(j(55356,57331,65039,8205,55356,57096),0,0),c=h.toDataURL(),i.clearRect(0,0,h.width,h.height),i.fillText(j(55356,57331,55356,57096),0,0),d=h.toDataURL(),c!==d);case"diversity":return i.fillText(j(55356,57221),0,0),e=i.getImageData(16,16,1,1).data,f=e[0]+","+e[1]+","+e[2]+","+e[3],i.fillText(j(55356,57221,55356,57343),0,0),e=i.getImageData(16,16,1,1).data,g=e[0]+","+e[1]+","+e[2]+","+e[3],f!==g;case"simple":return i.fillText(j(55357,56835),0,0),0!==i.getImageData(16,16,1,1).data[0];case"unicode8":return i.fillText(j(55356,57135),0,0),0!==i.getImageData(16,16,1,1).data[0];case"unicode9":return i.fillText(j(55358,56631),0,0),0!==i.getImageData(16,16,1,1).data[0]}return!1}function e(a){var c=b.createElement("script");c.src=a,c.type="text/javascript",b.getElementsByTagName("head")[0].appendChild(c)}var f,g,h,i;for(i=Array("simple","flag","unicode8","diversity","unicode9"),c.supports={everything:!0,everythingExceptFlag:!0},h=0;h<i.length;h++)c.supports[i[h]]=d(i[h]),c.supports.everything=c.supports.everything&&c.supports[i[h]],"flag"!==i[h]&&(c.supports.everythingExceptFlag=c.supports.everythingExceptFlag&&c.supports[i[h]]);c.supports.everythingExceptFlag=c.supports.everythingExceptFlag&&!c.supports.flag,c.DOMReady=!1,c.readyCallback=function(){c.DOMReady=!0},c.supports.everything||(g=function(){c.readyCallback()},b.addEventListener?(b.addEventListener("DOMContentLoaded",g,!1),a.addEventListener("load",g,!1)):(a.attachEvent("onload",g),b.attachEvent("onreadystatechange",function(){"complete"===b.readyState&&c.readyCallback()})),f=c.source||{},f.concatemoji?e(f.concatemoji):f.wpemoji&&f.twemoji&&(e(f.twemoji),e(f.wpemoji)))}(window,document,window._wpemojiSettings);
		</script>
		<style type="text/css">
img.wp-smiley,
img.emoji {
	display: inline !important;
	border: none !important;
	box-shadow: none !important;
	height: 1em !important;
	width: 1em !important;
	margin: 0 .07em !important;
	vertical-align: -0.1em !important;
	background: none !important;
	padding: 0 !important;
}
</style>
<link rel='stylesheet' id='wgs-css'  href='https://8295-presscdn-0-5-pagely.netdna-ssl.com/wp-content/plugins/wp-google-search/wgs.css?ver=4.6.1' type='text/css' media='all' />
<link rel='stylesheet' id='google-font-opensans-css'  href='https://fonts.googleapis.com/css?family=Open+Sans%3A300%2C400%2C600%2C700&#038;subset=latin%2Ccyrillic-ext%2Cgreek-ext%2Cgreek%2Cvietnamese%2Clatin-ext%2Ccyrillic&#038;ver=4.6.1' type='text/css' media='all' />
<link rel='stylesheet' id='google-font-ubuntu-css'  href='https://fonts.googleapis.com/css?family=Ubuntu%3A300%2C400%2C500%2C700%2C300italic%2C400italic%2C500italic%2C700italic&#038;subset=latin%2Ccyrillic-ext%2Cgreek-ext%2Cgreek%2Clatin-ext%2Ccyrillic&#038;ver=4.6.1' type='text/css' media='all' />
<link rel='stylesheet' id='google-font-pt-sans-css'  href='https://fonts.googleapis.com/css?family=PT+Sans%3A400%2C700%2C400italic&#038;subset=latin%2Ccyrillic-ext%2Clatin-ext%2Ccyrillic&#038;ver=4.6.1' type='text/css' media='all' />
<link rel='stylesheet' id='google-font-oswald-css'  href='https://fonts.googleapis.com/css?family=Oswald%3A400%2C300%2C700&#038;subset=latin%2Clatin-ext&#038;ver=4.6.1' type='text/css' media='all' />
<link rel='stylesheet' id='google-roboto-cond-css'  href='https://fonts.googleapis.com/css?family=Roboto+Condensed%3A300italic%2C400italic%2C700italic%2C400%2C300%2C700&#038;subset=latin%2Ccyrillic-ext%2Cgreek-ext%2Cgreek%2Cvietnamese%2Clatin-ext%2Ccyrillic&#038;ver=4.6.1' type='text/css' media='all' />
<link rel='stylesheet' id='google-vollkorn-css'  href='https://fonts.googleapis.com/css?family=Vollkorn%3A400italic%2C700italic%2C400%2C700&#038;ver=4.6.1' type='text/css' media='all' />
<link rel='stylesheet' id='td-bootstrap-css'  href='https://8295-presscdn-0-5-pagely.netdna-ssl.com/wp-content/themes/Newspaper%206-2/includes/wp_booster/external/bootstrap/td-bootstrap.css?ver=4.6.3' type='text/css' media='all' />
<link rel='stylesheet' id='td-theme-css'  href='https://8295-presscdn-0-5-pagely.netdna-ssl.com/wp-content/themes/Newspaper%206-2/style.css?ver=4.6.3' type='text/css' media='all' />
<link rel='stylesheet' id='__EPYT__style-css'  href='https://8295-presscdn-0-5-pagely.netdna-ssl.com/wp-content/plugins/youtube-embed-plus/styles/ytprefs.min.css?ver=4.6.1' type='text/css' media='all' />
<style id='__EPYT__style-inline-css' type='text/css'>

                .epyt-gallery-thumb {
                        width: 33.333%;
                }
                
</style>
<script type='text/javascript' src='https://8295-presscdn-0-5-pagely.netdna-ssl.com/wp-includes/js/jquery/jquery.js?ver=1.12.4'></script>
<script type='text/javascript' src='https://8295-presscdn-0-5-pagely.netdna-ssl.com/wp-includes/js/jquery/jquery-migrate.min.js?ver=1.4.1'></script>
<script type='text/javascript' src='https://8295-presscdn-0-5-pagely.netdna-ssl.com/wp-content/plugins/advanced-ads-responsive/public/assets/js/script.js?ver=1.0.0'></script>
<script type='text/javascript' src='https://8295-presscdn-0-5-pagely.netdna-ssl.com/wp-content/plugins/advanced-ads/public/assets/js/advanced.js?ver=1.7.13'></script>
<script type='text/javascript' data-cfasync="false" id="omapi-script" async="async" src='//a.optnmnstr.com/app/js/api.min.js?ver=1.1.6'></script>
<script type='text/javascript'>
/* <![CDATA[ */
var _EPYT_ = {"ajaxurl":"https:\/\/www.truthorfiction.com\/wp-admin\/admin-ajax.php","security":"caf02da941","gallery_scrolloffset":"20","eppathtoscripts":"https:\/\/www.truthorfiction.com\/wp-content\/plugins\/youtube-embed-plus\/scripts\/","epresponsiveselector":"[\"iframe.__youtube_prefs_widget__\"]","epdovol":"1","version":"11.5","evselector":"iframe.__youtube_prefs__[src], iframe[src*=\"youtube.com\/embed\/\"], iframe[src*=\"youtube-nocookie.com\/embed\/\"]"};
/* ]]> */
</script>
<script type='text/javascript' src='https://8295-presscdn-0-5-pagely.netdna-ssl.com/wp-content/plugins/youtube-embed-plus/scripts/ytprefs.min.js?ver=4.6.1'></script>
<link rel='https://api.w.org/' href='https://www.truthorfiction.com/wp-json/' />
<link rel="EditURI" type="application/rsd+xml" title="RSD" href="https://www.truthorfiction.com/xmlrpc.php?rsd" />
<link rel="wlwmanifest" type="application/wlwmanifest+xml" href="https://8295-presscdn-0-5-pagely.netdna-ssl.com/wp-includes/wlwmanifest.xml" /> 
<link rel='shortlink' href='https://www.truthorfiction.com/?p=100661' />
<link rel="alternate" type="application/json+oembed" href="https://www.truthorfiction.com/wp-json/oembed/1.0/embed?url=https%3A%2F%2Fwww.truthorfiction.com%2Fdolly-kyle-makes-claims-hillary-woman-book%2F" />
<link rel="alternate" type="text/xml+oembed" href="https://www.truthorfiction.com/wp-json/oembed/1.0/embed?url=https%3A%2F%2Fwww.truthorfiction.com%2Fdolly-kyle-makes-claims-hillary-woman-book%2F&#038;format=xml" />
<!--[if lt IE 9]><script src="https://html5shim.googlecode.com/svn/trunk/html5.js"></script><![endif]-->
    <meta name="generator" content="Powered by Visual Composer - drag and drop page builder for WordPress."/>
<!--[if lte IE 9]><link rel="stylesheet" type="text/css" href="https://8295-presscdn-0-5-pagely.netdna-ssl.com/wp-content/plugins/js_composer/assets/css/vc_lte_ie9.min.css" media="screen"><![endif]--><!--[if IE  8]><link rel="stylesheet" type="text/css" href="https://8295-presscdn-0-5-pagely.netdna-ssl.com/wp-content/plugins/js_composer/assets/css/vc-ie8.min.css" media="screen"><![endif]-->
<!-- Style compiled by theme -->

<style>
    
.block-title a,
    .block-title span,
    .td-tags a:hover,
    .td-scroll-up-visible,
    .td-scroll-up,
    .sf-menu ul .current-menu-item > a,
    .sf-menu ul a:hover,
    .sf-menu ul .sfHover > a,
    .sf-menu ul .td-menu-item > a:hover,
    .td-rating-bar-wrap div,
    .iosSlider .slide-meta-cat,
    .sf-menu ul .current-menu-ancestor > a,
    .sf-menu ul .current-category-ancestor > a,
    .td-404-sub-sub-title a,
    .widget_tag_cloud .tagcloud a:hover,
    .td-mobile-close a,
    ul.td-category a,
    .td_social .td_social_type .td_social_button a,
    .dropcap,
    .td-forum-category-title .td-forum-category-name,
    .td_display_err,
    .td_block_mega_menu .td-ajax-next-page:hover,
    .td_block_mega_menu .td_ajax-prev-page:hover,
    .post-via span,
    .td_wrapper_video_playlist
    .td_video_controls_playlist_wrapper
    {
        background-color: #000080;
    }


    .block-title,
    .sf-menu li a:hover,
    .sf-menu .sfHover a,
    .sf-menu .current-menu-ancestor a,
    .sf-menu .current-category-ancestor a,
    .header-search-wrap
    .dropdown-menu,
    .sf-menu > .current-menu-item > a,
    .ui-tabs-nav,
    .woocommerce .product .woocommerce-tabs ul.tabs,
    .td-forum-list-head,
    .td-login-panel-title
    {
        border-color: #000080;
    }

    .widget_price_filter .ui-slider-handle,
    .td_wrapper_video_playlist .td_video_currently_playing:after
    {
        border-color: #000080 !important;
    }

    .author-box-wrap .td-author-name a,
    blockquote p,
    .page-nav a:hover,
    .widget_pages .current_page_item a,
    .widget_calendar td a,
    .widget_categories .current-cat > a,
    .widget_pages .current_page_parent > a,
    .td_pull_quote p,
    .page-nav-post a:hover span,
    .td-forum-last-comment-content .td-forum-last-author,
    .td-topics-title-details a,
    .td-posted-in a
    {
        color: #000080;
    }

    .woocommerce .button,
    .woocommerce .form-submit #submit,
    .widget_price_filter .ui-slider-handle,
    .jetpack_subscription_widget input[type="submit"],
    .pp_woocommerce .pp_close,
    .pp_woocommerce .pp_expand,
    .pp_woocommerce .pp_contract,
    .pp_woocommerce .pp_arrow_previous,
    .pp_woocommerce .pp_arrow_next,
    .pp_woocommerce
    .pp_next:before,
    .pp_woocommerce .pp_previous:before,
    #bbpress-forums .button
    {
        background: #000080 !important;
    }

    .woocommerce .woocommerce-message,
    .woocommerce .woocommerce-info,
    .bbp-template-notice,
    .td-reply-list-header
    {
        border-color: #000080 !important;
    }


    .woocommerce .woocommerce-message:before,
    .woocommerce .woocommerce-info:before,
    .td-login-button
    {
        background-color: #000080 !important;
    }


    .buddypress #buddypress div.dir-search input[type="submit"],
    .buddypress #buddypress .message-search input[type="submit"],
    .buddypress #buddypress .item-list-tabs ul li.selected a,
    .buddypress #buddypress .generic-button a,
    .buddypress #buddypress .submit input[type="submit"],
    .buddypress #buddypress .ac-reply-content input[type="submit"],
    .buddypress #buddypress .standard-form input[type="submit"],
    .buddypress #buddypress .standard-form .button-nav .current a,
    .buddypress #buddypress .standard-form .button,
    .buddypress #buddypress input[type="submit"],
    .buddypress #buddypress a.accept,
    .buddypress #buddypress #activate-page .standard-form input[type="submit"],
    .buddypress #buddypress .standard-form #group-create-body input[type="button"],
    .post-password-required input[type="submit"]
    {
        background: #000080 !important;
    }

    .buddypress #buddypress .groups .item-meta,
    .bbp-forum-title:hover,
    .td_login_tab_focus,
    .block-mega-child-cats a.cur-sub-cat
    {
        color: #000080 !important;
    }

    .page-nav .current,
    .page-nav-post span
    {
        background-color: #000080;
        border-color: #000080;
    }


    .wpb_btn-inverse,
    .ui-tabs-nav .ui-tabs-active a,
    .post .wpb_btn-danger,
    .form-submit input,
    .wpcf7-submit,
    .wpb_default,
    .woocommerce .product .woocommerce-tabs ul.tabs li.active,
    .woocommerce.widget_product_search input[type="submit"],
    .more-link-wrap,
    .td_read_more {
        background-color: #000080 !important;
    }


    .header-search-wrap .dropdown-menu:before {
        border-color: transparent transparent #000080;
    }


    .td-mobile-content .current-menu-item > a,
    .td-mobile-content a:hover
    {
        color: #000080 !important;
    }


    .category .entry-content,
    .tag .entry-content,
    .td_quote_box
    {
        border-color: #000080;
    }

    .td-timeline-block-title {
        background-color: #000080 !important;
    }

    .td-timeline-wrapper-links {
       border-color: #000080 !important;
    }

    .td-timline-h1-link  span {
        background-color: #000080 !important;
    }

    .td-page-title .td-search-query {
         color: #000080;
    }

     
    .td-sbig-title-wrap .td-sbig-title,
    .td-slide-item-sec .td-sbig-title-wrap,
    .td-big-grid-title .td-sbig-title-wrap
    {
        background-color: rgba(0, 0, 128, 0.7);
    }


    
    ::-moz-selection {
        background: #3232b2;
        color: #fff;
    }

    ::selection {
        background: #3232b2;
        color: #fff;
    }



    
    .td-full-layout .td-menu-background {
        background: #ffffcc !important;
    }

    .td-boxed-layout .td-menu-background .td-menu-wrap {
        background: #ffffcc !important;
    }


    
    .td-full-layout .td-header-bg {
        background-color: #ffffcc !important;
    }

    .td-boxed-layout .td-logo-rec-wrap,
    .td-boxed-layout .td-affix .td-logo-rec-wrap,
    .td-full-logo
    {
        background-color: #ffffcc !important;
    }


    
    .td-full-layout .td-header-menu-wrap {
        background-color: #ffffcc !important;
    }

    .td-boxed-layout .td-header-menu-wrap .container {
        background-color: #ffffcc !important;
    }

	
	
    .td-full-layout .td-footer-wrap,
    .td-boxed-layout .td-footer-wrap .span12
    {
         background: #ffffcc url('https://8295-presscdn-0-5-pagely.netdna-ssl.com/wp-content/themes/Newspaper%206-2/images/footer/top-shadow.png') repeat-x top;
    }


    
    .td-full-layout .td-sub-footer-wrap,
    .td-boxed-layout .td-sub-footer-wrap .container
    {
        background-color: #ffffcc;
    }


    
    .top-header-menu li a:before {
        background-color: rgba(0, 0, 0, 0.3);
    }


    
    body .td-post-text-content {
        font-size:21px;
	
    }

    
    .post .td-post-text-content h3 {
        font-size:16px;
	
    }

    
    .td-header-menu-wrap li a, .td-header-menu-wrap .td_data_time {
        color:#000000;
	
    }

    
    .sf-menu > .td-menu-item > a {
        color:#000000;
	
    }

    
    .td_mod_mega_menu .item-details a {
        color:#ffffff;
	
    }
body {
background-color:#ffffcc;
                    }
</style>


<!-- JS generated by theme -->

<script>
    

var td_blocks = []; //here we store all the items for the current page

//td_block class - each ajax block uses a object of this class for requests
function td_block() {
    this.id = '';
    this.block_type = 1; //block type id (1-234 etc)
    this.atts = '';
    this.td_cur_cat = '';
    this.td_column_number = '';
    this.td_current_page = 1; //
    this.post_count = 0; //from wp
    this.found_posts = 0; //from wp
    this.max_num_pages = 0; //from wp
    this.is_ajax_running = false;
    this.header_color = '';
    this.ajax_pagination_infinite_stop = ''; //show load more at page x
}

    
var td_ad_background_click_link="";
var td_ad_background_click_target="";
var td_ajax_url="https://www.truthorfiction.com/wp-admin/admin-ajax.php";
var td_get_template_directory_uri="https://8295-presscdn-0-5-pagely.netdna-ssl.com/wp-content/themes/Newspaper%206-2";
var tds_snap_menu="";
var tds_header_style="7";
var tds_mobile_swipe="";
var td_search_url="https://www.truthorfiction.com/search/";
var td_please_wait="Please wait...";
var td_email_user_pass_incorrect="User or password incorrect!";
var td_email_user_incorrect="Email or username incorrect!";
var td_email_incorrect="Email incorrect!";
var tds_more_articles_on_post_enable="";
var tds_more_articles_on_post_time_to_wait="";
var tds_more_articles_on_post_pages_distance_from_top="0";
var tds_theme_color_site_wide="#000080";
</script>

<script async src="//pagead2.googlesyndication.com/pagead/js/adsbygoogle.js"></script>
<script>
  (adsbygoogle = window.adsbygoogle || []).push({
    google_ad_client: "ca-pub-2822953831097734",
    enable_page_level_ads: true
  });
</script>
<!-- BEGIN GADWP v4.9.4 Universal Tracking - https://deconf.com/google-analytics-dashboard-wordpress/ -->
<script type="text/javascript">
(function($){
    $(window).load(function() {
        
            //Track Downloads
            $('a').filter(function() {
                return this.href.match(/.*\.(zip|mp3*|mpe*g|pdf|docx*|pptx*|xlsx*|rar*)(\?.*)?$/);
            }).click(function(e) {
                ga('send','event', 'download', 'click', this.href);
            });

            //Track Mailto
            $('a[href^="mailto"]').click(function(e) {
                ga('send','event', 'email', 'send', this.href);
             });
            
            //Track Outbound Links
            $('a[href^="http"]').filter(function() {
                if (!this.href.match(/.*\.(zip|mp3*|mpe*g|pdf|docx*|pptx*|xlsx*|rar*)(\?.*)?$/)){
                    if (this.href.indexOf('truthorfiction.com') == -1) return this.href;
                }
            }).click(function(e) {
                ga('send','event', 'outbound', 'click', this.href);
            });
		    		                });
})(jQuery);
</script>
<script>
  (function(i,s,o,g,r,a,m){i['GoogleAnalyticsObject']=r;i[r]=i[r]||function(){
  (i[r].q=i[r].q||[]).push(arguments)},i[r].l=1*new Date();a=s.createElement(o),
  m=s.getElementsByTagName(o)[0];a.async=1;a.src=g;m.parentNode.insertBefore(a,m)
  })(window,document,'script','https://www.google-analytics.com/analytics.js','ga');
  ga('create', 'UA-9340868-1', 'auto');
  ga('require', 'displayfeatures');
  ga('send', 'pageview');
</script>

<!-- END GADWP Universal Tracking -->

<noscript><style type="text/css"> .wpb_animate_when_almost_visible { opacity: 1; }</style></noscript></head>

<body class="single single-post postid-100661 single-format-standard td-boxed-layout dolly-kyle-makes-claims-hillary-woman-book single_template_5 wpb-js-composer js-comp-ver-4.12.1 vc_responsive">



<div id="outer-wrap">
    <div id="td-mobile-nav" class="td-transition-content-and-menu">
    <!-- mobile menu close -->
    <div class="td-mobile-close">
        <a href="#">CLOSE</a>
        <div class="td-nav-triangle"></div>
    </div>

    <div class="td-mobile-content">
        <div class="menu-newspaper-menu-2-container"><ul id="menu-newspaper-menu-2" class=""><li id="menu-item-96613" class="menu-item menu-item-type-custom menu-item-object-custom menu-item-home menu-item-first menu-item-96613"><a href="http://www.truthorfiction.com">Home</a></li>
<li id="menu-item-96606" class="menu-item menu-item-type-post_type menu-item-object-page menu-item-96606"><a href="https://www.truthorfiction.com/search/">Search</a></li>
<li id="menu-item-98152" class="menu-item menu-item-type-custom menu-item-object-custom menu-item-has-children menu-item-98152"><a href="#">Categories</a>
<ul class="sub-menu">
	<li id="menu-item-98153" class="menu-item menu-item-type-taxonomy menu-item-object-category menu-item-98153"><a href="https://www.truthorfiction.com/category/animals/">Animals</a></li>
	<li id="menu-item-98154" class="menu-item menu-item-type-taxonomy menu-item-object-category menu-item-98154"><a href="https://www.truthorfiction.com/category/crime-police/">Crime / Police</a></li>
	<li id="menu-item-98155" class="menu-item menu-item-type-taxonomy menu-item-object-category menu-item-98155"><a href="https://www.truthorfiction.com/category/government/">Government</a></li>
	<li id="menu-item-98156" class="menu-item menu-item-type-taxonomy menu-item-object-category menu-item-98156"><a href="https://www.truthorfiction.com/category/religious/">Religious</a></li>
	<li id="menu-item-98157" class="menu-item menu-item-type-taxonomy menu-item-object-category menu-item-98157"><a href="https://www.truthorfiction.com/category/terrorism/">Terrorism</a></li>
	<li id="menu-item-98158" class="menu-item menu-item-type-custom menu-item-object-custom menu-item-98158"><a href="http://www.truthorfiction.com/category">See more&#8230;</a></li>
</ul>
</li>
<li id="menu-item-96608" class="menu-item menu-item-type-post_type menu-item-object-page menu-item-96608"><a href="https://www.truthorfiction.com/latest/">What&#8217;s New</a></li>
<li id="menu-item-98324" class="menu-item menu-item-type-post_type menu-item-object-page menu-item-98324"><a href="https://www.truthorfiction.com/contact-us/">Contact Us</a></li>
<li id="menu-item-98325" class="menu-item menu-item-type-post_type menu-item-object-page menu-item-98325"><a href="https://www.truthorfiction.com/subscribe/">Subscribe</a></li>
</ul></div>    </div>
</div>    <div id="inner-wrap" class="td-transition-content-and-menu">
<!-- text logo -->
<div class="td-header-bg">
    <div class="container td-logo-rec-wrap">
        <div class="row">
            <div class="span12 header-logo-wrap" role="banner" itemscope="itemscope" itemtype="https://schema.org/Organization">
                <div class="td-logo-wrap-align">


                                                <a class="td-logo" itemprop="url" href="https://www.truthorfiction.com"><img src="https://8295-presscdn-0-5-pagely.netdna-ssl.com/wp-content/uploads/2015/06/TOFLogo1.png" alt="Truthorfiction.com" title="Truthorfiction.com"/></a>
                            <meta itemprop="name" content="TruthorFiction.com">

                                            </div>
                <meta itemprop="name" content="TruthorFiction.com">
            </div>
        </div>
    </div>
</div>
<!-- header menu -->

<div class="td-menu-placeholder blog-stack">

    <div class="td-menu-background">
        <div class="container td-menu-wrap">



            <div class="row-fluid td-menu-header">

                <div class="span12">
                    

                    <div id="td-top-mobile-toggle">
                        <ul class="sf-menu">
                            <li>
                                <a href="#">
                                    <span class="menu_icon td-sp td-sp-ico-menu"></span>
                                </a>
                            </li>
                        </ul>
                    </div>
                    <div class="td-menu-center">
                        <div id="td-top-menu" role="navigation" itemscope="itemscope" itemtype="https://schema.org/SiteNavigationElement">

                                <div class="menu-newspaper-menu-2-container"><ul id="menu-newspaper-menu-3" class="sf-menu"><li class="menu-item menu-item-type-custom menu-item-object-custom menu-item-home menu-item-first td-menu-item td-normal-menu menu-item-96613"><a href="http://www.truthorfiction.com">Home</a></li>
<li class="menu-item menu-item-type-post_type menu-item-object-page td-menu-item td-normal-menu menu-item-96606"><a href="https://www.truthorfiction.com/search/">Search</a></li>
<li class="menu-item menu-item-type-custom menu-item-object-custom menu-item-has-children td-menu-item td-normal-menu menu-item-98152"><a href="#">Categories</a>
<ul class="sub-menu">
	<li class="menu-item menu-item-type-taxonomy menu-item-object-category td-menu-item td-normal-menu menu-item-98153"><a href="https://www.truthorfiction.com/category/animals/">Animals</a></li>
	<li class="menu-item menu-item-type-taxonomy menu-item-object-category td-menu-item td-normal-menu menu-item-98154"><a href="https://www.truthorfiction.com/category/crime-police/">Crime / Police</a></li>
	<li class="menu-item menu-item-type-taxonomy menu-item-object-category td-menu-item td-normal-menu menu-item-98155"><a href="https://www.truthorfiction.com/category/government/">Government</a></li>
	<li class="menu-item menu-item-type-taxonomy menu-item-object-category td-menu-item td-normal-menu menu-item-98156"><a href="https://www.truthorfiction.com/category/religious/">Religious</a></li>
	<li class="menu-item menu-item-type-taxonomy menu-item-object-category td-menu-item td-normal-menu menu-item-98157"><a href="https://www.truthorfiction.com/category/terrorism/">Terrorism</a></li>
	<li class="menu-item menu-item-type-custom menu-item-object-custom td-menu-item td-normal-menu menu-item-98158"><a href="http://www.truthorfiction.com/category">See more&#8230;</a></li>
</ul>
</li>
<li class="menu-item menu-item-type-post_type menu-item-object-page td-menu-item td-normal-menu menu-item-96608"><a href="https://www.truthorfiction.com/latest/">What&#8217;s New</a></li>
<li class="menu-item menu-item-type-post_type menu-item-object-page td-menu-item td-normal-menu menu-item-98324"><a href="https://www.truthorfiction.com/contact-us/">Contact Us</a></li>
<li class="menu-item menu-item-type-post_type menu-item-object-page td-menu-item td-normal-menu menu-item-98325"><a href="https://www.truthorfiction.com/subscribe/">Subscribe</a></li>
</ul></div>                            <!-- Search -->
                           
                        </div>
                    </div>
                </div> <!-- /.span12 -->
                <div align="center">
<div class="search" style="width:50%;" align="center">

                <script>
  (function() {
    var cx = 'partner-pub-2822953831097734:x08cmrv5jp2';
    var gcse = document.createElement('script');
    gcse.type = 'text/javascript';
    gcse.async = true;
    gcse.src = (document.location.protocol == 'https:' ? 'https:' : 'http:') +
        '//cse.google.com/cse.js?cx=' + cx;
    var s = document.getElementsByTagName('script')[0];
    s.parentNode.insertBefore(gcse, s);
  })();
</script>
                <gcse:searchbox-only></gcse:searchbox-only>
                </div>
</div>
            </div> <!-- /.row-fluid -->
        </div> <!-- /.td-menu-wrap -->
    </div> <!-- /.td-menu-background -->
</div> <!-- /.td-menu-placeholder -->
<article id="post-100661" class="post-100661 post type-post status-publish format-standard hentry category-politics article-label-disputed source-header-erumor-as-sample-seen-on-the-internet" itemscope itemtype="https://schema.org/Article">

    
        <div class="container td-page-wrap">
            <div class="row">
                <div class="span12">
                    <div class="td-grid-wrap">
                        <div class="container-fluid">
                            <div class="row-fluid ">
            
    </div> <!-- close the row from td_page_generator -->

    <div class="row-fluid "> <!-- open new row -->
                        <div class="span12 column_container td-post-content" role="main" itemprop="mainContentOfPage">
                    
    <div class="td-post-text-content">
        <div class="td-a-rec td-a-rec-id-content_top "><div style="text-align: center; " data-id="98130" id="truth-70028238"><style type="text/css">
.gadsense_slot_1{ display: inline-block; width: 300px; height: 250px;}
</style>
<ins class="adsbygoogle gadsense_slot_1" style="display:inline-block;" data-ad-client="ca-pub-2822953831097734" 
data-ad-slot="8252156571" 
></ins>
<script async src="//pagead2.googlesyndication.com/pagead/js/adsbygoogle.js"></script>
<script> 
(adsbygoogle = window.adsbygoogle || []).push({}); 
</script>
</div></div><!-- AddThis Sharing Buttons above -->
                <div class="addthis_toolbox addthis_default_style addthis_32x32_style" addthis:url='https://www.truthorfiction.com/dolly-kyle-makes-claims-hillary-woman-book/' addthis:title='Dolly Kyle Makes Claims in “Hillary the Other Woman” Book-Disputed!' >
                    <a class="addthis_button_preferred_1"></a>
                    <a class="addthis_button_preferred_2"></a>
                    <a class="addthis_button_preferred_3"></a>
                    <a class="addthis_button_preferred_4"></a>
                    <a class="addthis_button_compact"></a>
                    <a class="addthis_counter addthis_bubble_style"></a>
                </div><p style="text-align: center;"><strong>Dolly Kyle Makes Claims in “Hillary the Other Woman” Book-<span style="color: #ff0000;">Disputed!</span></strong></p>
<p><strong>Summary of eRumor:</strong></p>
<p>Dolly Kyle makes accusations about Hillary Clinton in her book, “Hillary the Other Woman.”</p>
<p><strong>The Truth:</strong></p>
<p>Dolly Kyle has been making accusations about having affairs with Bill Clinton and about Hillary Clinton for decades — but these claims haven’t been definitively proven true or false.</p>
<p>Dolly Kyle is a former classmate of Bill Clinton’s and has long claimed she had an on-and-off affair with him through the early 1990s. In her latest book, &#8220;Hillary the Other Woman,&#8221; Kyle makes the case that Bill and Hillary&#8217;s relationship was solely for political gain and explains how Hillary was able to silence her.</p>
<p><div class="td-a-rec td-a-rec-id-content_inline "><div style="text-align: center; " data-id="101804" id="truth-1616724580"><!-- Surge Pricing Unit - truthorfiction.com_728x90_adsense-midpage-728x90 -->
<div id="truthorfiction.com_728x90_adsense-midpage-728x90" class="surgeprice">
  <script data-cfasync="false" type="text/javascript">surgeprice.display("truthorfiction.com_728x90_adsense-midpage-728x90");</script>
</div></div></div>First, in order to provide some background,  it&#8217;s important to take a step back to look at Dolly Kyle&#8217;s public exchanges with the Clintons over the years. These allegations aren&#8217;t new — she&#8217;s been making them for decades.</p>
<p>In 1998, Dolly Kyle Browning filed a lawsuit that alleged the Clintons and their people had tried to prevent her from publishing a book that was “loosely based” on her relationship with Bill. A federal judge in the case ruled that “the case was so flawed there was no need to proceed with depositions or a trial,” <em>ABC News</em> <a href="http://abcnews.go.com/US/story?id=94016&amp;page=1">reported</a>:</p>
<p style="padding-left: 60px;">Browning says she went to high school with Bill Clinton and his brother Roger in Hot Springs, Ark. in the 1960s. She alleged she became friends with the future president and carried on an extramarital sexual affair with him from the mid-1970s until roughly 1991.</p>
<p style="padding-left: 60px;">Her lawsuit centers on handwritten notes President Clinton made about a 1994 conversation the two had in Arkansas at their 30th high school reunion. At a 1998 deposition in the Paula Jones case, Clinton said he wrote out the three pages in order to protect himself against untrue claims Browning was making about an affair.</p>
<p style="padding-left: 60px;">“She basically said she didn’t want me to be her friend and she was mad at me because I’d never been her lover,” Clinton said at the deposition.</p>
<p style="padding-left: 60px;">Browning alleged the notes falsely denied their relationship. But the judge said Clinton was protected by the fact that the notes were only made public as a result of their being filed in the Jones lawsuit. Bryant ruled that Clinton’s production of the notes in that context was “absolutely privileged” and could not be held against him.</p>
<p>In a <a href="http://www.washingtonpost.com/wp-srv/politics/special/pjones/docs/browning031398.htm">transcript</a> of Dolly Kyle&#8217;s deposition in the Paula Jones case, she said her relationship with Bill “ended abruptly” when he stopped returning her calls in 1992. She added that Clinton’s people threatened to destroy her if she went public with the accusations, but that Bill later apologized in a meeting at their high school reunion in 1994. She also challenged the idea that Clinton wrote up notes to protect himself against her false allegations:</p>
<p style="padding-left: 60px;">Our conversation began with my confronting him for not returning my call in early 1992. This lead to a discussion of many things, including his affair with Gennifer Flowers. I reminded him that he had threatened to destroy me and he said he was sorry. We discussed many other things. At the end of the conversation he asked me to come to Washington. He said &#8220;You can live on the hill. I can help you find a job.&#8221;</p>
<p style="padding-left: 60px;">I have reviewed the notes attached to this declaration as Exhibit A. I can state unequivocally that those notes are not an accurate account of the conversation or of the entire evening. The notes attributed to Marsha Scott are false. She did not stand by Billy Clinton during my conversation with him. Neither she nor anyone other than possibly the two male Secret Service Agents were in a position to hear our conversation. At no time during the conversation did I say that any statement I had made to him or about our relationship was false.</p>
<p>Dolly Kyle then took aim at Hillary Clinton in Edward Klein’s “The Truth About Hillary” book. Hillary’s people have called “blatant and vicious fabrications contrived by someone who writes trash for cash.”</p>
<p><em>Slate</em> <a href="http://www.slate.com/articles/news_and_politics/juicy_bits/2005/06/the_truth_about_hillary.html">recounts</a> Dolly Kyle Browning statements about Hillary:</p>
<p style="padding-left: 60px;">Pages 91-92: Dolly Kyle Browning, who says she was Bill Clinton&#8217;s longtime mistress, tells Klein that Bill asked her to pray for Hillary to get pregnant. &#8220;He and Hillary never had much of a sexual relationship,&#8221; she explains. &#8220;Also, Billy had a low sperm count, and he and Hillary were going to a fertility specialist in California. They had been trying for quite a while without any success.&#8221;</p>
<p style="padding-left: 60px;">Page 84: Dolly Kyle Browning on Hillary when she arrived in Arkansas to help with the 1974 Congressional race: &#8220;You should have seen her! No, you should have smelled her.&#8221;</p>
<p>In the lead up to the release of her book, Dolly Kyle said “Hillary Clinton’s nomination shames women” and that Hillary was a borderline sociopath in an <a href="http://www.wnd.com/2016/06/billys-girlfriend-hillary-the-warden-borders-on-sociopathy/">interview</a> with <em>WND</em>.</p>
<p>So, Dolly Kyle has been making accusations about Bill and Hillary Clinton for decades, but they’re impossible to fact check because they’re all based on personal conversations or exchanges that can’t be independently verified. The Clintons have disputed Kyle’s claims — and she’s disputed theirs.</p>
<!-- AddThis Sharing Buttons below -->        


	<div class="content-source">

		


		<header>

			<h3>A real example of the eRumor as it has appeared on the Internet:</h3>



			
				<em>Collected on: 06/13/2016</em>

			


		</header>

		


		<section>

			<!-- AddThis Sharing Buttons above -->
                <div class="addthis_toolbox addthis_default_style addthis_32x32_style" addthis:url='https://www.truthorfiction.com/dolly-kyle-makes-claims-hillary-woman-book/' addthis:title='Dolly Kyle Makes Claims in “Hillary the Other Woman” Book-Disputed!' >
                    <a class="addthis_button_preferred_1"></a>
                    <a class="addthis_button_preferred_2"></a>
                    <a class="addthis_button_preferred_3"></a>
                    <a class="addthis_button_preferred_4"></a>
                    <a class="addthis_button_compact"></a>
                    <a class="addthis_counter addthis_bubble_style"></a>
                </div><p><img class="aligncenter size-full wp-image-100665" src="https://8295-presscdn-0-5-pagely.netdna-ssl.com/wp-content/uploads/2016/06/Screen-Shot-2016-06-13-at-12.05.59-PM.png" alt="Screen Shot 2016-06-13 at 12.05.59 PM" width="296" height="454" srcset="https://8295-presscdn-0-5-pagely.netdna-ssl.com/wp-content/uploads/2016/06/Screen-Shot-2016-06-13-at-12.05.59-PM.png 296w, https://8295-presscdn-0-5-pagely.netdna-ssl.com/wp-content/uploads/2016/06/Screen-Shot-2016-06-13-at-12.05.59-PM-113x173.png 113w, https://8295-presscdn-0-5-pagely.netdna-ssl.com/wp-content/uploads/2016/06/Screen-Shot-2016-06-13-at-12.05.59-PM-235x360.png 235w, https://8295-presscdn-0-5-pagely.netdna-ssl.com/wp-content/uploads/2016/06/Screen-Shot-2016-06-13-at-12.05.59-PM-233x357.png 233w" sizes="(max-width: 296px) 100vw, 296px" /></p>
<!-- AddThis Sharing Buttons below -->


		</section>

	</div>



    </div>


    <div class="clearfix"></div>

    <footer>
                                
            <div class="td-social-sharing">
                </div>                        <div class="td-author-name vcard author" style="display: none"><span class="fn"><a href="https://www.truthorfiction.com/author/">Aaron Martin</a></span></div>

        <meta itemprop="author" content = "Aaron Martin">    </footer>

    
                </div>
                
                             </div>
                        </div>
                    </div>
                </div>
            </div>
        </div>
        </article> <!-- /.post -->
    <div class="td-footer-wrap">
        <div class="container">
            <div class="row">
                

                        <div class="">
                            <div class="td-grid-wrap">
                                <div class="container-fluid">
                                    <div class="wpb_row row-fluid ">
                                        <div class="span12 wpb_column column_container">
                                            
                                      <div style="text-align: center; " class="truth-footer-ad" data-id="101802" id="truth-429207505"><!-- Surge Pricing Unit - truthorfiction.com_728x90_footer -->
<div id="truthorfiction.com_728x90_footer" class="surgeprice">
  <script data-cfasync="false" type="text/javascript">surgeprice.display("truthorfiction.com_728x90_footer");</script>
</div></div>
                                            <div class="row-fluid">
                                            	<div class="span3"></div>
                                                <div class="span3">
                                                    <div class="cop-right">&copy; 1998- 2016  TruthOrFiction.com </div>
                                                    <div class="cop-right">All rights reserved</div>
                                                </div>
                                                <div class="span3">
                                                    <div class="site-notice-text"><a href="../../sitenotice.htm">Site Notice</a></div>
                                                    <div class="site-notice-text"><a href="../../privacynotice.htm">Privacy Notice</a></div>
                                                </div>
                                                <div class="span3"></div>
                                            </div>
                                            <div class="dont-mess-text">Don't miss out on our alerts!</div>
                                            <div class="subcribe-text"> <strong>SUBSCRIBE</strong> to Our <strong>Email Alerts</strong>, <strong>Advisories</strong>, and <strong>Virus Warnings</strong>!  </div>
                                            <div class="subcribr-now-text"><a href="../../subscribe.htm">CLICK HERE </a> for details</div>
                                            <div class="note"><b>Note: </b> The Ads that appear on this page are under the control of Google Ads, not <a href="http://www.truthorfiction.com"> TruthOrFiction.com</a> , which is a non-partisan site.</div>
                                            <script type="text/javascript">
                                                Meebo('domReady');
                                            </script>
                                        </div>
                                    </div>
                                </div>
                            </div>
                        </div>

                        
            </div>
        </div>
    </div> <!-- /.td-footer-wrap  -->









</div>
<!--/#inner-wrap-->
</div>
<!--/#outer-wrap-->

<div class="td-sp td-scroll-up"></div>

<script type="text/javascript">
setTimeout(function(){var a=document.createElement("script");
var b=document.getElementsByTagName('script')[0];
a.src=document.location.protocol+"//script.crazyegg.com/pages/scripts/0055/6684.js";
a.async=true;a.type="text/javascript";b.parentNode.insertBefore(a,b)}, 1);
</script>


    <!--

        Theme: Newspaper by tagDiv 2014
        Version: 4.6.3 (rara)
        Deploy mode: deploy
        
        uid: 5856c6289537e
    -->

    
            <style type="text/css" media="screen">
                /*  ----------------------------------------------------------------------------
    css for 'Example of eRumor' section
*/

.entry-title{margin:0}.post .entry-excerpt a{color:#959595}.single .entry-header{margin-bottom:25px;padding-bottom:20px;border-bottom:1px solid #c2c2c2}.content-source{border-top:1px solid #c2c2c2}.content-source:after{content:"";display:table;clear:both}.content-source header{margin:20px 0 20px}.content-source h6{margin:0}.content-source>strong{display:block;padding:50% 0}.entry-content .content-source section strong{color:#777}.content-source section{background-color:#C0C0C0;padding:20px 10px;font-size:12px}.content-source section:after{content:"";display:table;clear:both}@media (min-width: 48em){.content-source section{font-size:16px}}.content-source em{font-size:1.4rem}.content-source .content-ad{clear:both}.single-post #main>.post{border-bottom:1px solid #c2c2c2;padding-bottom:30px;margin-bottom:30px}.entry-meta{margin:2px 0 5px;text-transform:uppercase;color:#000;font-size:1.4rem}.

@media (max-width: 800px) {
    #sidebar {
        display:none !important;
    }
}

.cse input.gsc-input, input.gsc-input {background-image:none !important;}
@media (max-width:767px){
.header-logo-wrap {
  display: block !important;
}
.header-logo-wrap .td-logo-wrap-align {
  text-align: center;
}
.td-logo {
  display: inline-block !important;
}
.header-logo-wrap img {
  display: inline-block !important;
  width: 60% !important;
}

}
                </style><script type="text/javascript"><script type="text/javascript">
	$(document).ready(function(){
        $(".block-title").click(function(){
			$(".td_block_inner").slideToggle("fast");
		});
    });
</script>

<!-- Facebook Pixel Code -->
<script>
!function(f,b,e,v,n,t,s){if(f.fbq)return;n=f.fbq=function(){n.callMethod?
n.callMethod.apply(n,arguments):n.queue.push(arguments)};if(!f._fbq)f._fbq=n;
n.push=n;n.loaded=!0;n.version='2.0';n.queue=[];t=b.createElement(e);t.async=!0;
t.src=v;s=b.getElementsByTagName(e)[0];s.parentNode.insertBefore(t,s)}(window,
document,'script','https://connect.facebook.net/en_US/fbevents.js');
fbq('init', '1588851754753541');
fbq('track', 'PageView');
</script>
<noscript><img height="1" width="1" style="display:none"
src="https://www.facebook.com/tr?id=1588851754753541&ev=PageView&noscript=1"
/></noscript>
<!-- DO NOT MODIFY -->
<!-- End Facebook Pixel Code --></script><script data-cfasync="false" type="text/javascript">
var addthis_config = {"data_track_clickback":true,"ui_atversion":300,"ignore_server_config":true};
var addthis_share = {};
</script>
                <!-- AddThis Settings Begin -->
                <script data-cfasync="false" type="text/javascript">
                    var addthis_product = "wpp-5.3.4";
                    var wp_product_version = "wpp-5.3.4";
                    var wp_blog_version = "4.6.1";
                    var addthis_plugin_info = {"info_status":"enabled","cms_name":"WordPress","plugin_name":"Share Buttons by AddThis","plugin_version":"5.3.4","anonymous_profile_id":"wp-595ef125f7ef1ffc460801d4d887e165","plugin_mode":"WordPress","select_prefs":{"addthis_per_post_enabled":true,"addthis_above_enabled":true,"addthis_below_enabled":false,"addthis_sidebar_enabled":true,"addthis_mobile_toolbar_enabled":true,"addthis_above_showon_home":true,"addthis_above_showon_posts":true,"addthis_above_showon_pages":true,"addthis_above_showon_archives":true,"addthis_above_showon_categories":true,"addthis_above_showon_excerpts":true,"addthis_below_showon_home":true,"addthis_below_showon_posts":true,"addthis_below_showon_pages":true,"addthis_below_showon_archives":true,"addthis_below_showon_categories":true,"addthis_below_showon_excerpts":true,"addthis_sidebar_showon_home":true,"addthis_sidebar_showon_posts":true,"addthis_sidebar_showon_pages":true,"addthis_sidebar_showon_archives":true,"addthis_sidebar_showon_categories":true,"addthis_mobile_toolbar_showon_home":true,"addthis_mobile_toolbar_showon_posts":true,"addthis_mobile_toolbar_showon_pages":true,"addthis_mobile_toolbar_showon_archives":true,"addthis_mobile_toolbar_showon_categories":true,"sharing_enabled_on_post_via_metabox":true},"page_info":{"template":"posts","post_type":""}};
                    if (typeof(addthis_config) == "undefined") {
                        var addthis_config = {"data_track_clickback":true,"ui_atversion":300,"ignore_server_config":true};
                    }
                    if (typeof(addthis_share) == "undefined") {
                        var addthis_share = {};
                    }
                    if (typeof(addthis_layers) == "undefined") {
                        var addthis_layers = {"share":{"theme":"transparent","position":"right","numPreferredServices":5,"mobile":false},"sharedock":{"counts":true,"position":"bottom","numPreferredServices":4}};
                    }
                </script>
                <script
                    data-cfasync="false"
                    type="text/javascript"
                    src="//s7.addthis.com/js/300/addthis_widget.js#pubid=wp-595ef125f7ef1ffc460801d4d887e165 "
                    async="async"
                >
                </script>
                <script data-cfasync="false" type="text/javascript">
                    (function() {
                        var at_interval = setInterval(function () {
                            if(window.addthis) {
                                clearInterval(at_interval);
                                addthis.layers(addthis_layers);
                            }
                        },1000)
                    }());
                </script>
                <!-- This site is converting visitors into subscribers and customers with OptinMonster - http://optinmonster.com --><div id="om-prmtkjcrwkysw53j-holder"></div><script>var prmtkjcrwkysw53j,prmtkjcrwkysw53j_poll=function(){var r=0;return function(n,l){clearInterval(r),r=setInterval(n,l)}}();!function(e,t,n){if(e.getElementById(n)){prmtkjcrwkysw53j_poll(function(){if(window['om_loaded']){if(!prmtkjcrwkysw53j){prmtkjcrwkysw53j=new OptinMonsterApp();return prmtkjcrwkysw53j.init({u:"24127.450111",staging:0,dev:0,beta:0});}}},25);return;}var d=false,o=e.createElement(t);o.id=n,o.src="//a.optnmnstr.com/app/js/api.min.js",o.onload=o.onreadystatechange=function(){if(!d){if(!this.readyState||this.readyState==="loaded"||this.readyState==="complete"){try{d=om_loaded=true;prmtkjcrwkysw53j=new OptinMonsterApp();prmtkjcrwkysw53j.init({u:"24127.450111",staging:0,dev:0,beta:0});o.onload=o.onreadystatechange=null;}catch(t){}}}};(document.getElementsByTagName("head")[0]||document.documentElement).appendChild(o)}(document,"script","omapi-script");</script><!-- / OptinMonster -->	    <script type="text/javascript">var prmtkjcrwkysw53j_shortcode = true;</script>
	    <link rel='stylesheet' id='addthis_output-css'  href='https://8295-presscdn-0-5-pagely.netdna-ssl.com/wp-content/plugins/addthis/css/output.css?ver=4.6.1' type='text/css' media='all' />
<script type='text/javascript'>
/* <![CDATA[ */
var scriptParams = {"google_search_engine_id":"2822953831097734:x08cmrv5jp2"};
/* ]]> */
</script>
<script type='text/javascript' src='https://8295-presscdn-0-5-pagely.netdna-ssl.com/wp-content/plugins/wp-google-search/assets/js/google_cse_v2.js?ver=1'></script>
<script type='text/javascript' src='https://8295-presscdn-0-5-pagely.netdna-ssl.com/wp-content/themes/Newspaper%206-2/js/td_external.js?ver=4.6.3'></script>
<script type='text/javascript' src='https://8295-presscdn-0-5-pagely.netdna-ssl.com/wp-content/themes/Newspaper%206-2/js/full_compact/site.js?ver=4.6.3'></script>
<script type='text/javascript' src='https://8295-presscdn-0-5-pagely.netdna-ssl.com/wp-content/plugins/youtube-embed-plus/scripts/fitvids.min.js?ver=4.6.1'></script>
<script type='text/javascript' src='https://8295-presscdn-0-5-pagely.netdna-ssl.com/wp-includes/js/wp-embed.min.js?ver=4.6.1'></script>

<!-- JS generated by theme -->

<script>
    
</script>

	    <script type="text/javascript">var omapi_localized = { ajax: 'https://www.truthorfiction.com/wp-admin/admin-ajax.php?optin-monster-ajax-route=1', nonce: 'b2543f29cf' };</script>
	    <!-- We need this for debugging themes using Speed Booster Pack Plugin v2.8 -->
<!--wp_footer-->
            <script language="javascript">
                td_ajax_count.td_get_views_counts_ajax("post","[100661]");
            </script>
            
</body>
</html>